76.0
72.33333333333333
53.0
48.333333333333336
85.66666666666667
71.0
70.0
73.66666666666667
66.66666666666667
66.33333333333333
61.666666666666664
58.333333333333336
72.0
61.666666666666664
84.33333333333333
60.666666666666664
36.666666666666664
77.0
32.666666666666664
60.333333333333336
67.33333333333333
61.666666666666664
65.66666666666667
74.66666666666667
72.66666666666667
74.0
46.666666666666664
38.666666666666664
63.0
44.333333333333336
55.333333333333336
56.0
59.333333333333336
51.333333333333336
49.0
48.0
34.333333333333336
37.333333333333336
60.333333333333336
47.666666666666664
89.0
51.333333333333336
63.666666666666664
54.333333333333336
67.0
62.666666666666664
40.666666666666664
54.666666666666664
57.666666666666664
69.33333333333333
52.666666666666664
56.666666666666664
59.333333333333336
63.333333333333336
58.0
52.333333333333336
48.333333333333336
43.0
53.666666666666664
66.33333333333333
76.33333333333333
56.666666666666664
53.666666666666664
72.66666666666667
77.0
66.0
63.666666666666664
66.66666666666667
44.0
57.666666666666664
71.0
71.0
63.333333333333336
78.33333333333333
62.0
68.66666666666667
71.0
42.0
59.0
48.0
44.333333333333336
72.66666666666667
48.0
53.0
61.333333333333336
61.0
68.33333333333333
51.0
46.0
55.0
77.66666666666667
76.33333333333333
56.0
50.0
60.333333333333336
53.666666666666664
73.0
64.33333333333333
40.666666666666664
78.66666666666667
45.333333333333336
67.66666666666667
58.666666666666664
47.666666666666664
62.0
65.33333333333333
44.0
63.0
50.333333333333336
56.666666666666664
69.66666666666667
61.666666666666664
49.0
57.333333333333336
82.66666666666667
80.0
53.0
48.0
59.333333333333336
57.0
80.0
59.333333333333336
85.0
68.66666666666667
84.0
69.33333333333333
73.66666666666667
58.333333333333336
74.0
69.0
57.333333333333336
65.66666666666667
76.33333333333333
75.33333333333333
86.0
74.66666666666667
78.0
68.33333333333333
52.0
81.33333333333333
53.666666666666664
59.666666666666664
73.0
60.0
56.666666666666664
53.333333333333336
79.0
51.0
42.666666666666664
55.333333333333336
47.333333333333336
72.0
68.0
64.66666666666667
69.33333333333333
80.0
80.0
49.0
36.666666666666664
69.33333333333333
72.0
71.33333333333333
66.0
93.0
79.0
46.0
57.666666666666664
70.33333333333333
70.66666666666667
58.666666666666664
38.666666666666664
89.0
59.333333333333336
75.66666666666667
37.0
76.0
66.33333333333333
49.666666666666664
62.7247191011236 62.63483146067416 60.561797752808985